22736,-7393,DM8iVQKS/GSQg5yllWUn8YlgoNE=,aw7zJsEa1o1+bEQdchNt8r0QT4E=
